ATL;82;3054.0;6675.0;765.0;2111.0;1390.0;1780.0;711.0;2563.0;3274.0;2037.0;680.0;326.0;1188.0;1576.0;8263.0;0.45752808988764043;0.36238749407863574;0.7808988764044944;0.4634146341463415;7847.463069452619;105.29517535628703;106.19277746858529;0.209240729841083;0.743976777939042;8.695940351473746;25.957433402003716;Hawks;Atlanta;E;Southeast;Philips Arena;1949
BKN;82;2926.0;6385.0;708.0;1921.0;1508.0;2002.0;720.0;2403.0;3123.0;1711.0;705.0;309.0;1143.0;1776.0;8068.0;0.45826155050900547;0.368558042686101;0.7532467532467533;0.5365853658536586;7604.702094146047;106.09225581907529;107.50255714326606;0.21726010863005432;0.7233594220349188;9.289043116313591;22.49923769291495;Nets;Brooklyn;E;Atlantic;Barclays Center;1976
BOS;82;2996.0;6883.0;575.0;1729.0;1325.0;1706.0;980.0;2505.0;3485.0;1726.0;584.0;343.0;1182.0;1743.0;7892.0;0.435275315995932;0.3325621746674378;0.7766705744431418;0.3048780487804878;7690.344642058165;102.62218882673983;107.41065043234845;0.2740492170022371;0.7420023696682464;7.596006279061697;22.44372756144868;Celtics;Boston;E;Atlantic;TD Garden;1946
CHA;82;2976.0;6730.0;516.0;1471.0;1474.0;2000.0;776.0;2724.0;3500.0;1778.0;499.0;421.0;954.0;1493.0;7942.0;0.44219910846953936;0.35078178110129166;0.737;0.524390243902439;7670.76269904009;103.53598868328768;103.31686930873552;0.21908526256352343;0.7762895411798233;6.4767735910878175;23.178920659643097;Hornets;Charlotte;E;Southeast;Time Warner Cable Arena;1988
CHI;82;2829.0;6544.0;506.0;1450.0;1480.0;1900.0;933.0;2671.0;3604.0;1851.0;592.0;421.0;1144.0;1556.0;7644.0;0.4323044009779951;0.3489655172413793;0.7789473684210526;0.5853658536585366;7447.135187991839;102.64349722461861;99.93531485560008;0.2719323812299621;0.7540937323546019;7.896650613256173;24.855195364046185;Bulls;Chicago;E;Central;United Center;1966
CLE;82;3026.0;6937.0;581.0;1634.0;1393.0;1854.0;988.0;2625.0;3613.0;1736.0;577.0;303.0;1105.0;1636.0;8026.0;0.436211618855413;0.35556915544675644;0.7513484358144552;0.4024390243902439;7721.640890052357;103.94163772029003;107.10890757775786;0.27225130890052357;0.7580132832803927;7.4495949460422235;22.482268014256604;Cavaliers;Cleveland;E;Central;Quicken Loans Arena;1970
DAL;82;3249.0;6858.0;721.0;1877.0;1378.0;1733.0;840.0;2514.0;3354.0;1935.0;704.0;356.0;1082.0;1636.0;8597.0;0.473753280839895;0.38412360149174213;0.7951529140219273;0.5975609756097561;7757.408993839836;110.82308547643787;107.91789670280343;0.2464065708418891;0.7272201330633498;9.044547533187334;24.94389559112566;Mavericks;Dallas;W;Southwest;American Airlines Center;1980
DEN;82;3147.0;7042.0;702.0;1959.0;1563.0;2154.0;1009.0;2717.0;3726.0;1838.0;615.0;459.0;1260.0;1890.0;8559.0;0.44689008804316954;0.35834609494640124;0.7256267409470752;0.43902439024390244;8107.227640174197;105.57246422423259;107.50509544208;0.27463255307566686;0.744995887030436;7.5690479332431835;22.67112854821118;Nuggets;Denver;W;Northwest;Pepsi Center;1976
DET;82;3182.0;7124.0;507.0;1580.0;1415.0;2111.0;1196.0;2525.0;3721.0;1714.0;687.0;395.0;1143.0;1666.0;8286.0;0.4466591802358226;0.3208860759493671;0.6702984367598295;0.35365853658536583;7866.657836134454;105.33062671086766;109.4130414425798;0.31407563025210083;0.7344386271087842;8.754572498375532;21.788160050980828;Pistons;Detroit;E;Central;The Palace of Auburn Hills;1948
GSW;82;3236.0;7005.0;774.0;2037.0;1303.0;1731.0;896.0;2819.0;3715.0;1912.0;642.0;407.0;1225.0;1784.0;8549.0;0.46195574589578875;0.3799705449189985;0.7527440785673022;0.6219512195121951;7995.137474067844;106.92749221296825;101.86300358617666;0.2511914774320157;0.7625101433594806;8.019135291517525;23.914535631207777;Warriors;Golden State;W;Pacific;Oracle Arena;1946
HOU;82;3113.0;6596.0;778.0;2177.0;1810.0;2543.0;918.0;2792.0;3710.0;1754.0;621.0;461.0;1264.0;1674.0;8814.0;0.47195269860521527;0.3573725310059715;0.711757766417617;0.6585365853658537;7946.248659117997;110.92026411590197;105.51305028631941;0.2735399284862932;0.7409766454352441;7.757945089723462;22.073308742828683;Rockets;Houston;W;Southwest;Toyota Center;1967
IND;82;2949.0;6573.0;550.0;1542.0;1485.0;1907.0;834.0;2831.0;3665.0;1651.0;550.0;446.0;1185.0;1675.0;7933.0;0.44865358283888634;0.35667963683527887;0.7787100157315154;0.6829268292682927;7639.820008941878;103.83752484633114;98.63871246883942;0.24858420268256334;0.7680412371134021;7.164724228455055;21.610456765573264;Pacers;Indiana;E;Central;Bankers Life Fieldhouse;1976
LAC;82;3208.0;6761.0;693.0;1966.0;1741.0;2384.0;858.0;2668.0;3526.0;2016.0;703.0;397.0;1092.0;1767.0;8850.0;0.4744860227776956;0.35249237029501523;0.7302852348993288;0.6951219512195121;7932.889350422372;111.5608652669383;104.50703649248044;0.24992717739586368;0.7251970644196792;8.875144558373247;25.413186935383912;Clippers;Los Angeles;W;Pacific;STAPLES Center;1970
LAL;82;3139.0;6980.0;774.0;2032.0;1390.0;1835.0;745.0;2620.0;3365.0;2006.0;611.0;446.0;1213.0;1627.0;8442.0;0.4497134670487106;0.3809055118110236;0.7574931880108992;0.32926829268292684;8183.262327469553;103.16179125361676;110.55231194986119;0.20162381596752368;0.710412147505423;7.540462447127169;24.513450989665387;Lakers;Los Angeles;W;Pacific;STAPLES Center;1948
MEM;82;3122.0;6723.0;405.0;1147.0;1235.0;1666.0;950.0;2526.0;3476.0;1792.0;631.0;375.0;1060.0;1568.0;7884.0;0.46437602260895433;0.35309503051438534;0.741296518607443;0.6097560975609756;7431.915985684461;106.08300760108638;104.18421223673108;0.2833283626603042;0.7574212893553224;8.477142220680504;24.112220905777114;Grizzlies;Memphis;W;Southwest;FedEx Forum;1995
MIA;82;3138.0;6256.0;664.0;1823.0;1426.0;1878.0;623.0;2394.0;3017.0;1843.0;731.0;367.0;1163.0;1591.0;8366.0;0.5015984654731458;0.3642347778387274;0.759318423855165;0.6585365853658537;7567.446082949308;110.55248902070099;105.58847444210289;0.20506912442396313;0.7303233679072605;9.689326489728497;24.354319539224466;Heat;Miami;E;Southeast;AmericanAirlines Arena;1988
MIL;82;2950.0;6729.0;548.0;1552.0;1374.0;1838.0;970.0;2399.0;3369.0;1759.0;540.0;403.0;1172.0;1709.0;7822.0;0.43840095110714816;0.35309278350515466;0.7475516866158868;0.18292682926829268;7620.500257486706;102.64417998431708;111.46093515047298;0.2714805485586342;0.7139880952380953;7.091894071079935;23.08247412329503;Bucks;Milwaukee;E;Central;BMO Harris Bradley Center;1968
MIN;82;3183.0;7161.0;599.0;1754.0;1779.0;2285.0;1023.0;2643.0;3666.0;1961.0;713.0;296.0;1104.0;1495.0;8744.0;0.44449099287808963;0.34150513112884834;0.7785557986870897;0.4878048780487805;8090.142190680235;108.08215472495652;105.61660443555199;0.2739689341189073;0.7449267192784668;8.838572648186451;24.239376191175637;Timberwolves;Minnesota;W;Northwest;Target Center;1989
NOP;82;3092.0;6744.0;484.0;1299.0;1487.0;1933.0;931.0;2481.0;3412.0;1740.0;644.0;522.0;1062.0;1850.0;8155.0;0.45848161328588377;0.37259430331023863;0.7692705638903259;0.4146341463414634;7603.305346420323;107.25598444943971;109.40579034452654;0.26876443418013857;0.7381731627491818;8.407795821226143;22.884783929126314;Pelicans;New Orleans;W;Southwest;Smoothie King Arena;2002
NYK;82;3022.0;6726.0;755.0;2029.0;1264.0;1662.0;870.0;2430.0;3300.0;1639.0;631.0;367.0;1015.0;1808.0;8063.0;0.44930121914956883;0.3721044849679645;0.7605294825511432;0.45121951219512196;7481.1660265665605;107.77731668255022;108.89592983804297;0.2512272596015016;0.7426650366748166;8.455984706842864;21.908349503001336;Knicks;New York;E;Atlantic;Madison Square Garden (IV);1946
OKC;82;3190.0;6773.0;661.0;1833.0;1652.0;2050.0;887.0;2779.0;3666.0;1793.0;677.0;501.0;1216.0;1853.0;8693.0;0.47098774545991434;0.3606110201854883;0.8058536585365854;0.7195121951219512;7875.369409826243;110.38212365192143;103.1591256864024;0.2657279808268424;0.7553683066050557;8.544008819390069;22.767185978131273;Thunder;Oklahoma City;W;Northwest;Chesapeake Energy Arena;1967
ORL;82;3009.0;6747.0;559.0;1580.0;1300.0;1705.0;790.0;2639.0;3429.0;1717.0;627.0;348.0;1162.0;1663.0;7877.0;0.4459759893285905;0.3537974683544304;0.7624633431085044;0.2804878048780488;7774.943976143141;101.31262712850422;106.95733516971389;0.22436807725078103;0.7555110220440882;8.053590627045828;22.083760413817664;Magic;Orlando;E;Southeast;Amway Center;1989
PHI;82;3101.0;7135.0;576.0;1844.0;1360.0;1912.0;946.0;2545.0;3491.0;1787.0;765.0;330.0;1342.0;1838.0;8138.0;0.43461807988787665;0.3123644251626898;0.7112970711297071;0.23170731707317074;8264.290123327211;98.47185757708652;109.79275927340501;0.24822881133560745;0.7232168229610685;9.338610278425042;21.62315181743102;76ers;Philadelphia;E;Atlantic;Wells Fargo Center;1949
PHX;82;3172.0;6845.0;765.0;2055.0;1520.0;2004.0;928.0;2601.0;3529.0;1563.0;688.0;374.0;1216.0;1798.0;8629.0;0.4634039444850256;0.3722627737226277;0.7584830339321357;0.5853658536585366;7909.830961866818;109.0920911154775;106.09414234593426;0.2640865110984633;0.7374539268500142;8.676188034470792;19.760220003881255;Suns;Phoenix;W;Pacific;US Airways Center;1968
POR;82;3207.0;7134.0;770.0;2071.0;1569.0;1926.0;1022.0;2786.0;3808.0;1904.0;454.0;387.0;1094.0;1576.0;8753.0;0.44953742640874683;0.3718010622887494;0.8146417445482866;0.6585365853658537;7896.513594950603;110.846386759811;106.96571716803338;0.2804610318331504;0.7469168900804289;5.763403227425487;24.111906819453914;Trail Blazers;Portland;W;Northwest;Moda Center;1970
SAC;82;3026.0;6766.0;491.0;1475.0;1698.0;2237.0;990.0;2656.0;3646.0;1547.0;587.0;318.0;1203.0;1849.0;8241.0;0.4472361809045226;0.3328813559322034;0.7590523021904336;0.34146341463414637;7834.524333895447;105.18826221964706;108.16505482010975;0.2782462057335582;0.7656385125396368;7.488251819719828;19.745933946583424;Kings;Sacramento;W;Pacific;Sleep Train Arena;1948
SAS;82;3324.0;6838.0;697.0;1756.0;1284.0;1636.0;761.0;2778.0;3539.0;2063.0;604.0;419.0;1152.0;1491.0;8629.0;0.4861070488446914;0.3969248291571754;0.784841075794621;0.7560975609756098;7872.942090530078;109.60324489594993;102.26780894463599;0.22662298987492555;0.763396537510305;7.718325203368753;26.203672988798782;Spurs;San Antonio;W;Southwest;AT&T Center;1976
TOR;82;2982.0;6689.0;710.0;1908.0;1596.0;2036.0;932.0;2542.0;3474.0;1736.0;573.0;342.0;1093.0;1871.0;8270.0;0.4458065480639857;0.3721174004192872;0.7838899803536346;0.5853658536585366;7592.930835524394;108.91709906414346;104.5439291187865;0.27227578147823545;0.7489687684148497;7.495454377510594;22.863371701977396;Raptors;Toronto;E;Atlantic;Air Canada Centre;1995
UTA;82;2946.0;6646.0;542.0;1576.0;1340.0;1797.0;903.0;2474.0;3377.0;1661.0;570.0;365.0;1141.0;1695.0;7774.0;0.4432741498645802;0.34390862944162437;0.7456872565386756;0.3048780487804878;7576.644597798476;102.60478632267996;111.25914082613686;0.2548687552921253;0.7451807228915662;7.578598263730642;21.922633146638976;Jazz;Utah;W;Northwest;EnergySolutions Arena;1974
WAS;82;3169.0;6896.0;647.0;1700.0;1246.0;1706.0;885.0;2563.0;3448.0;1903.0;666.0;374.0;1151.0;1664.0;8231.0;0.4595417633410673;0.38058823529411767;0.7303634232121923;0.5365853658536586;7803.329198516827;105.4806197534824;104.35371437769889;0.2524244152880776;0.7567168585769117;8.553793695451995;24.387027018694813;Wizards;Washington;E;Southeast;Verizon Center;1961
