ATL;0;0.0;0.0;0.0;0.0;0.0;0.0;0.0;0.0;0.0;0.0;0.0;0.0;0.0;0.0;0.0;NaN;NaN;NaN;NaN;NaN;NaN;NaN;NaN;NaN;NaN;NaN;Hawks;Atlanta;E;Southeast;Philips Arena;1949
BKN;0;0.0;0.0;0.0;0.0;0.0;0.0;0.0;0.0;0.0;0.0;0.0;0.0;0.0;0.0;0.0;NaN;NaN;NaN;NaN;NaN;NaN;NaN;NaN;NaN;NaN;NaN;Nets;Brooklyn;E;Atlantic;Barclays Center;1976
BOS;1;39.0;75.0;6.0;13.0;23.0;28.0;7.0;34.0;41.0;24.0;4.0;2.0;15.0;23.0;107.0;0.52;0.46153846153846156;0.8214285714285714;0.0;95.1542105263158;112.4490439342231;125.75777118534761;0.18421052631578946;0.8717948717948718;4.191925706178254;25.22221546188182;Celtics;Boston;E;Atlantic;TD Garden;1946
CHA;0;0.0;0.0;0.0;0.0;0.0;0.0;0.0;0.0;0.0;0.0;0.0;0.0;0.0;0.0;0.0;NaN;NaN;NaN;NaN;NaN;NaN;NaN;NaN;NaN;NaN;NaN;Hornets;Charlotte;E;Southeast;Time Warner Cable Arena;1988
CHI;1;33.0;79.0;2.0;9.0;25.0;33.0;14.0;32.0;46.0;21.0;8.0;10.0;18.0;19.0;93.0;0.4177215189873418;0.2222222222222222;0.7575757575757576;1.0;95.43488372093024;97.44864390671832;89.65009861271204;0.32558139534883723;0.7441860465116279;8.243687228755132;22.004532495065426;Bulls;Chicago;E;Central;United Center;1966
CLE;1;36.0;79.0;7.0;20.0;15.0;22.0;18.0;36.0;54.0;22.0;7.0;5.0;20.0;21.0;94.0;0.45569620253164556;0.35;0.6818181818181818;1.0;87.96461538461539;106.86115046259859;93.17459143681135;0.46153846153846156;0.6666666666666666;7.764549286400946;25.01005649124648;Cavaliers;Cleveland;E;Central;Quicken Loans Arena;1970
DAL;2;72.0;170.0;16.0;37.0;33.0;44.0;17.0;63.0;80.0;42.0;17.0;10.0;27.0;57.0;193.0;0.4235294117647059;0.43243243243243246;0.75;0.5;196.4605617977528;98.23854631887123;106.93665426061692;0.19101123595505617;0.6428571428571429;8.911387855051409;21.378336504624826;Mavericks;Dallas;W;Southwest;American Airlines Center;1980
DEN;1;33.0;88.0;4.0;18.0;5.0;11.0;16.0;38.0;54.0;19.0;9.0;5.0;20.0;22.0;75.0;0.375;0.2222222222222222;0.45454545454545453;0.0;94.58367346938778;79.29486902861088;89.73805855161785;0.32653061224489793;0.7307692307692307;9.614791987673343;20.088033487248087;Nuggets;Denver;W;Northwest;Pepsi Center;1976
DET;1;35.0;79.0;6.0;16.0;20.0;26.0;10.0;26.0;36.0;21.0;12.0;4.0;16.0;15.0;96.0;0.4430379746835443;0.375;0.7692307692307693;0.0;95.57116279069768;100.4487098375495;109.27914110429447;0.23255813953488372;0.6842105263157895;12.489044697633652;21.973155276963954;Pistons;Detroit;E;Central;The Palace of Auburn Hills;1948
GSW;1;33.0;86.0;5.0;17.0;16.0;23.0;17.0;32.0;49.0;19.0;9.0;3.0;18.0;20.0;87.0;0.38372093023255816;0.29411764705882354;0.6956521739130435;1.0;95.1786;91.40710201662978;89.54777759811056;0.34;0.7441860465116279;9.481529392741116;19.962470555355928;Warriors;Golden State;W;Pacific;Oracle Arena;1946
HOU;1;39.0;79.0;10.0;27.0;17.0;23.0;12.0;33.0;45.0;28.0;12.0;3.0;20.0;24.0;105.0;0.4936708860759494;0.37037037037037035;0.7391304347826086;1.0;96.0842105263158;109.27914110429447;100.4487098375495;0.3157894736842105;0.7674418604651163;12.556088729693688;29.141104294478527;Rockets;Houston;W;Southwest;Toyota Center;1967
IND;1;37.0;78.0;5.0;11.0;11.0;16.0;9.0;37.0;46.0;22.0;3.0;10.0;18.0;16.0;90.0;0.47435897435897434;0.45454545454545453;0.6875;1.0;92.69250000000001;97.0952342422526;96.28211332505735;0.25;0.7115384615384616;3.2823447724451364;23.734390592550636;Pacers;Indiana;E;Central;Bankers Life Fieldhouse;1976
LAC;1;38.0;74.0;5.0;15.0;20.0;29.0;8.0;31.0;39.0;25.0;12.0;9.0;22.0;27.0;101.0;0.5135135135135135;0.3333333333333333;0.6896551724137931;1.0;100.33542857142858;100.66234971837322;94.67435324081717;0.22857142857142856;0.6458333333333334;12.348828683584848;24.91642319761713;Clippers;Los Angeles;W;Pacific;STAPLES Center;1970
LAL;2;74.0;149.0;11.0;31.0;38.0;63.0;30.0;61.0;91.0;45.0;12.0;7.0;38.0;50.0;197.0;0.4966442953020134;0.3548387096774194;0.6031746031746031;0.0;185.13777777777776;106.40724025350492;113.66324751758144;0.37037037037037035;0.7625;6.343995210283615;24.306222392932593;Lakers;Los Angeles;W;Pacific;STAPLES Center;1948
MEM;1;33.0;86.0;2.0;14.0;24.0;30.0;17.0;27.0;44.0;24.0;14.0;4.0;18.0;25.0;92.0;0.38372093023255816;0.14285714285714285;0.8;0.0;97.17520833333333;94.67435324081717;100.66234971837322;0.3541666666666667;0.7714285714285715;13.953196990665596;24.697657367169697;Grizzlies;Memphis;W;Southwest;FedEx Forum;1995
MIA;1;43.0;79.0;8.0;16.0;26.0;32.0;5.0;31.0;36.0;25.0;8.0;5.0;8.0;20.0;120.0;0.5443037974683544;0.5;0.8125;1.0;95.42153846153846;125.75777118534761;112.4490439342231;0.1282051282051282;0.8157894736842105;8.407405153960607;26.19953566361409;Heat;Miami;E;Southeast;AmericanAirlines Arena;1988
MIL;0;0.0;0.0;0.0;0.0;0.0;0.0;0.0;0.0;0.0;0.0;0.0;0.0;0.0;0.0;0.0;NaN;NaN;NaN;NaN;NaN;NaN;NaN;NaN;NaN;NaN;NaN;Bucks;Milwaukee;E;Central;BMO Harris Bradley Center;1968
MIN;0;0.0;0.0;0.0;0.0;0.0;0.0;0.0;0.0;0.0;0.0;0.0;0.0;0.0;0.0;0.0;NaN;NaN;NaN;NaN;NaN;NaN;NaN;NaN;NaN;NaN;NaN;Timberwolves;Minnesota;W;Northwest;Target Center;1989
ATL;0;0.0;0.0;0.0;0.0;0.0;0.0;0.0;0.0;0.0;0.0;0.0;0.0;0.0;0.0;0.0;NaN;NaN;NaN;NaN;NaN;NaN;NaN;NaN;NaN;NaN;NaN;Hawks;Atlanta;E;Southeast;Philips Arena;1949
NYK;0;0.0;0.0;0.0;0.0;0.0;0.0;0.0;0.0;0.0;0.0;0.0;0.0;0.0;0.0;0.0;NaN;NaN;NaN;NaN;NaN;NaN;NaN;NaN;NaN;NaN;NaN;Knicks;New York;E;Atlantic;Madison Square Garden (IV);1946
OKC;0;0.0;0.0;0.0;0.0;0.0;0.0;0.0;0.0;0.0;0.0;0.0;0.0;0.0;0.0;0.0;NaN;NaN;NaN;NaN;NaN;NaN;NaN;NaN;NaN;NaN;NaN;Thunder;Oklahoma City;W;Northwest;Chesapeake Energy Arena;1967
ORL;0;0.0;0.0;0.0;0.0;0.0;0.0;0.0;0.0;0.0;0.0;0.0;0.0;0.0;0.0;0.0;NaN;NaN;NaN;NaN;NaN;NaN;NaN;NaN;NaN;NaN;NaN;Magic;Orlando;E;Southeast;Amway Center;1989
PHI;1;30.0;85.0;7.0;25.0;17.0;21.0;14.0;33.0;47.0;18.0;13.0;11.0;15.0;14.0;84.0;0.35294117647058826;0.28;0.8095238095238095;1.0;93.60576923076924;89.73805855161785;79.29486902861088;0.2692307692307692;0.673469387755102;13.744443964959215;19.229583975346685;76ers;Philadelphia;E;Atlantic;Wells Fargo Center;1949
PHX;1;32.0;80.0;4.0;21.0;17.0;22.0;11.0;33.0;44.0;16.0;10.0;12.0;18.0;23.0;85.0;0.4;0.19047619047619047;0.7727272727272727;0.0;94.92139534883721;89.54777759811056;91.40710201662978;0.2558139534883721;0.66;10.50656345018733;16.856052253761984;Suns;Phoenix;W;Pacific;US Airways Center;1968
POR;1;42.0;83.0;9.0;20.0;23.0;28.0;10.0;20.0;30.0;19.0;10.0;5.0;12.0;20.0;116.0;0.5060240963855421;0.45;0.8214285714285714;1.0;96.0725;120.74214785708708;112.80024323502586;0.25;0.5714285714285714;10.641532380662817;19.776731114522885;Trail Blazers;Portland;W;Northwest;Moda Center;1970
SAC;1;34.0;84.0;6.0;17.0;13.0;16.0;11.0;29.0;40.0;14.0;10.0;5.0;19.0;29.0;87.0;0.40476190476190477;0.35294117647058826;0.8125;0.0;97.0439534883721;89.65009861271204;97.44864390671832;0.2558139534883721;0.6744186046511628;10.478348807174012;14.426452650321478;Kings;Sacramento;W;Pacific;Sleep Train Arena;1948
SAS;1;38.0;80.0;6.0;20.0;17.0;26.0;10.0;33.0;43.0;22.0;9.0;8.0;15.0;21.0;99.0;0.475;0.3;0.6538461538461539;1.0;96.23636363636363;102.87171736255432;102.37935785819303;0.22727272727272727;0.7857142857142857;9.699097060249867;22.86038163612318;Spurs;San Antonio;W;Southwest;AT&T Center;1976
TOR;1;33.0;91.0;6.0;17.0;16.0;19.0;15.0;27.0;42.0;18.0;12.0;8.0;10.0;18.0;88.0;0.3626373626373626;0.35294117647058826;0.8421052631578947;0.0;91.39807692307691;96.28211332505735;97.0952342422526;0.28846153846153844;0.75;12.946031232300347;19.69406863467082;Raptors;Toronto;E;Atlantic;Air Canada Centre;1995
UTA;1;38.0;89.0;6.0;14.0;31.0;42.0;20.0;41.0;61.0;24.0;10.0;8.0;14.0;25.0;113.0;0.42696629213483145;0.42857142857142855;0.7380952380952381;1.0;99.79153846153847;113.23605361946827;91.03126605794695;0.38461538461538464;0.8367346938775511;9.684177240207124;24.05013528201096;Jazz;Utah;W;Northwest;EnergySolutions Arena;1974
WAS;1;32.0;90.0;8.0;32.0;12.0;20.0;18.0;21.0;39.0;26.0;11.0;10.0;12.0;19.0;84.0;0.35555555555555557;0.25;0.6;0.0;90.15333333333334;93.17459143681135;106.86115046259859;0.3333333333333333;0.5384615384615384;12.50502824562324;28.83975449234637;Wizards;Washington;E;Southeast;Verizon Center;1961
